46974285
46974287
46974257
46974253
46974250
46974268
46974266
46974261
46974425
46974424
46974423
46974443
46974440
46974441
46974450
46974456
46974453
46986087
46986082
46986084
1234567890
46986038
46986035
46986036
46986007
46986000
46986001
46986311
46986310
46986316
46986327
46986321
46986326
46986345
46986343
46986346
46986744
46986743
46986745
46986725
46986721
46986720
46986754
46986758
46986750
46980087
46980082
46980084
46980099
46980096
46980091
46980007
46980000
46980001
46980372
46980378
46980377
46980309
46980300
46980303
46980345
46980343
46980346
46980705
46980706
46980700
46980754
46980758
46980750
46980744
46980743
46980745
46984309
46984300
46984303
46984354
46984350
46984358
46984390
46984397
46984392
46984630
46984636
46984631
46984666
46984662
46984664
46984612
46984613
46984615
46984818
46984816
46984819
46984848
46984844
46984841
46984860
46984866
46984863
46966443
46966440
46966441
46966473
46966479
46966474
46966450
46966456
46966453
46966744
46966743
46966745
46966725
46966721
46966720
46966754
46966758
46966750
46966087
46966082
46966084
46966038
46966035
46966036
46966007
46966000
46966001
46968518
46968519
46968511
46968572
46968573
46968575
46968532
46968534
46968533
46968222
46968220
46968224
46968212
46968219
46968211
46968257
46968253
46968250
46968954
46968958
46968957
46968999
46968996
46968991
46968907
46968900
46968901
46962603
46962604
46962601
46962678
46962670
46962676
46962666
46962662
46962664
46962777
46962774
46962771
46962733
46962731
46962734
46962790
46962791
46962798
46962940
46962947
46962945
46962911
46962914
46962918
46962920
46962923
46962924
46668518
46668519
46668511
46668572
46668573
46668575
46668532
46668534
46668533
46668222
46668220
46668224
46668212
46668219
46668211
46668257
46668253
46668250
46668954
46668958
46668957
46668999
46668996
46668991
46668907
46668900
46668901
46662603
46662604
46662601
46662678
46662670
46662676
46662666
46662662
46662664
46662777
46662774
46662771
46662733
46662731
46662734
46662790
46662791
46662798
46662940
46662947
46662945
46662911
46662914
46662918
46662920
46662923
46662924
46666443
46666440
46666441
46666473
46666479
46666474
46666450
46666456
46666453
46666744
46666743
46666745
46666725
46666721
46666720
46666754
46666758
46666750
46666087
46666082
46666084
46666038
46666035
46666036
46666007
46666000
46666001
46637892
46637894
46637895
46637848
46637844
46637841
46637860
46637866
46637863
46637132
46637130
46637139
46637123
46637122
46637124
46637141
46637144
46637140
46637622
46637623
46637620
46637630
46637636
46637631
46637680
46637688
46637689
46638612
46638613
46638615
46638630
46638636
46638631
46638642
46638644
46638645
46638754
46638758
46638750
46638725
46638721
46638720
46638777
46638774
46638771
46638954
46638958
46638957
46638999
46638996
46638991
46638907
46638900
46638901
46633038
46633035
46633036
46633067
46633060
46633061
46633076
46633073
46633077
46633132
46633130
46633139
46633158
46633155
46633157
46633100
46633101
46633104
46633257
46633253
46633250
46633203
46633201
46633202
46633268
46633266
46633261
46682777
46682774
46682771
46682733
46682731
46682734
46682790
46682791
46682798
46682111
46682118
46682114
46682158
46682155
46682157
46682141
46682144
46682140
46682592
46682599
46682594
46682540
46682543
46682546
46682572
46682573
46682575
46680087
46680082
46680084
46680099
46680096
46680091
46680007
46680000
46680001
46680372
46680378
46680377
46680309
46680300
46680303
46680345
46680343
46680346
46680705
46680706
46680700
46680754
46680758
46680750
46680744
46680743
46680745
46688016
46688018
46688011
46688041
46688046
46688048
46688024
46688020
46688023
46688354
46688350
46688358
46688327
46688321
46688326
46688372
46688378
46688377
46688518
46688519
46688511
46688572
46688573
46688575
46688532
46688534
46688533
46864123
46864122
46864124
46864187
46864189
46864181
46864172
46864170
46864175
46864282
46864285
46864287
46864257
46864253
46864250
46864268
